EmailID,SentenceID,SentenceLen,Failures,OutofSeq,NetFailure,NetSuccess,Depth_1,Depth_2
10417,0,37,36,1,35,5.41,1,0
10466,0,10,10,0,10,0.00,0,0
10466,1,2,2,0,2,0.00,0,0
10418,0,3,3,0,3,0.00,0,0
10418,1,4,4,0,4,0.00,0,0
10419,0,6,6,0,6,0.00,0,0
10419,1,10,10,0,10,0.00,0,0
10419,2,22,21,0,21,4.55,1,0
10419,3,8,8,0,8,0.00,0,0
10419,4,17,15,0,15,11.76,1,1
10419,5,43,42,2,40,6.98,1,0
10419,6,14,14,3,11,21.43,0,0
10419,7,29,25,3,22,24.14,4,0
10419,8,10,9,0,9,10.00,1,0
10419,9,10,10,0,10,0.00,0,0
10419,10,8,8,0,8,0.00,0,0
10419,11,20,19,1,18,10.00,1,0
10419,12,14,14,0,14,0.00,0,0
10419,13,6,6,0,6,0.00,0,0
10419,14,18,17,3,14,22.22,0,1
10419,15,20,19,0,19,5.00,0,1
10419,16,16,15,0,15,6.25,0,1
10419,17,11,11,1,10,9.09,0,0
10419,18,8,8,0,8,0.00,0,0
10419,19,13,13,0,13,0.00,0,0
10419,20,13,12,0,12,7.69,1,0
10419,21,5,5,0,5,0.00,0,0
10419,22,33,33,4,29,12.12,0,0
10419,23,10,10,0,10,0.00,0,0
10419,24,17,17,1,16,5.88,0,0
10419,25,25,22,4,18,28.00,2,1
10419,26,15,15,3,12,20.00,0,0
10419,27,28,26,0,26,7.14,1,1
10419,28,25,25,0,25,0.00,0,0
10419,29,8,8,0,8,0.00,0,0
10419,30,16,15,0,15,6.25,1,0
10419,31,8,8,0,8,0.00,0,0
10419,32,18,18,2,16,11.11,0,0
10419,33,7,6,0,6,14.29,1,0
10419,34,11,11,0,11,0.00,0,0
10419,35,20,19,0,19,5.00,0,0
10419,36,7,7,0,7,0.00,0,0
