EmailID,SentenceID,SentenceLen,Failures,OutofSeq,NetFailure,NetSuccess,Depth_1,Depth_2
10469,0,14,14,1,13,7.14,0,0
10469,1,23,21,1,20,13.04,2,0
10469,2,9,9,0,9,0.00,0,0
10469,3,33,31,2,29,12.12,2,0
10469,4,20,19,0,19,5.00,1,0
10469,5,12,11,0,11,8.33,1,0
10469,6,19,17,1,16,15.79,2,0
10469,7,16,16,0,16,0.00,0,0
10469,8,13,13,0,13,0.00,0,0
10469,9,3,3,0,3,0.00,0,0
10469,10,3,3,0,3,0.00,0,0
10470,0,6,5,0,5,16.67,1,0
10470,1,3,3,0,3,0.00,0,0
10471,0,17,16,0,16,5.88,1,0
10471,1,8,8,0,8,0.00,0,0
10471,2,4,4,0,4,0.00,0,0
10471,3,10,10,0,10,0.00,0,0
10471,4,10,10,0,10,0.00,0,0
10471,5,10,10,0,10,0.00,0,0
10471,6,11,11,0,11,0.00,0,0
10471,7,8,7,0,7,12.50,1,0
10471,8,16,16,0,16,0.00,0,0
10471,9,12,12,0,12,0.00,0,0
10471,10,10,9,0,9,10.00,1,0
10471,11,9,8,0,8,11.11,0,1
10472,0,13,13,1,12,7.69,0,0
10472,1,2,2,0,2,0.00,0,0
